threshold	127
1 1 1 1 1 1 1 1 1 1 1 1 1 0 0 0 
1 1 1 1 1 1 1 1 1 1 1 0 0 0 0 0 
1 1 1 1 1 1 1 1 1 1 1 0 0 0 0 0 
1 1 1 1 1 1 1 1 1 1 1 0 0 0 0 0 
1 1 1 1 1 1 1 1 1 1 1 0 0 0 0 0 
1 1 1 1 1 0 0 0 0 0 0 0 0 0 0 0 
1 1 1 0 0 0 0 0 0 0 0 0 0 0 0 0 
1 1 0 0 0 0 0 0 0 0 0 0 0 0 0 0 
1 1 0 0 0 0 0 1 1 1 1 0 0 0 0 0 
0 0 0 0 0 0 0 1 1 1 1 0 0 0 0 0 
0 0 0 0 0 0 1 1 1 1 1 0 0 0 0 0 
0 0 0 0 0 0 1 1 1 1 1 0 0 0 0 0 
0 0 0 0 0 0 0 1 1 1 1 0 0 0 0 0 
1 1 0 0 0 0 0 1 1 1 1 0 0 0 0 0 
1 1 1 0 0 0 0 0 0 0 0 0 0 0 0 0 
1 1 1 1 0 0 0 0 0 0 0 0 0 0 0 0 
13  12
11  12
11  9
11  7
11  6
5  5
3  7
2  11
6  11
4  11
5  11
5  1
4  1
6  0
3  0
4  0
d 0.40625 6.5 6.5
threshold	127
1 1 1 1 1 1 0 0 0 0 0 1 1 1 1 1 
1 1 1 0 0 0 0 0 0 0 0 0 0 1 1 1 
1 1 0 0 0 0 0 0 0 0 0 0 0 0 1 1 
1 0 0 0 0 0 0 0 0 0 0 0 0 0 0 1 
1 0 0 0 0 0 1 1 1 1 0 0 0 0 0 0 
0 0 0 0 0 1 1 1 1 1 1 0 0 0 0 0 
0 0 0 0 0 0 0 0 0 0 0 0 0 0 0 0 
0 0 0 0 0 0 0 0 0 0 0 0 0 0 0 0 
0 0 0 0 0 0 0 0 0 0 0 0 0 0 0 0 
0 0 0 0 0 1 1 1 1 1 1 1 1 1 1 1 
0 0 0 0 0 0 1 1 1 1 1 1 1 1 1 1 
1 0 0 0 0 0 0 1 1 1 1 1 1 1 1 1 
1 0 0 0 0 0 0 0 0 0 0 0 0 0 0 1 
1 1 0 0 0 0 0 0 0 0 0 0 0 0 0 1 
1 1 1 0 0 0 0 0 0 0 0 0 0 0 0 1 
1 1 1 1 1 1 0 0 0 0 0 0 0 1 1 1 
11  10
6  6
4  4
2  2
5  2
6  4
0  4
0  5
0  5
11  5
10  4
10  4
2  4
3  6
4  7
9  11
e 0.324219 5.1875 5.1875
threshold	127
1 1 1 1 1 1 1 0 0 0 0 0 0 0 0 1 
1 1 1 1 1 1 0 0 0 0 0 0 0 0 0 0 
1 1 1 1 1 0 0 0 0 0 0 0 0 0 0 0 
1 1 1 1 0 0 0 0 0 0 1 1 1 1 1 1 
1 1 1 1 0 0 0 0 1 1 1 1 1 1 1 1 
1 1 1 1 0 0 0 0 1 1 1 1 1 1 1 1 
0 0 0 0 0 0 0 0 0 0 0 0 0 0 0 1 
0 0 0 0 0 0 0 0 0 0 0 0 0 0 0 1 
1 1 1 1 0 0 0 0 1 1 1 1 1 1 1 1 
1 1 1 1 0 0 0 0 1 1 1 1 1 1 1 1 
1 1 1 1 0 0 0 0 1 1 1 1 1 1 1 1 
1 1 1 1 0 0 0 0 1 1 1 1 1 1 1 1 
1 1 1 1 0 0 0 0 1 1 1 1 1 1 1 1 
1 1 1 1 0 0 0 0 1 1 1 1 1 1 1 1 
1 1 1 1 0 0 0 0 1 1 1 1 1 1 1 1 
1 1 1 1 0 0 0 0 1 1 1 1 1 1 1 1 
8  14
6  14
5  14
10  14
12  3
12  2
1  1
1  0
12  10
12  10
12  11
12  11
12  11
12  11
12  11
12  14
f 0.589844 9.4375 9.4375
threshold	127
1 1 1 1 1 1 0 0 0 0 0 0 0 0 1 1 
1 1 1 1 0 0 0 0 0 0 0 0 0 0 0 0 
1 1 1 0 0 0 0 0 0 0 0 0 0 0 0 0 
1 1 0 0 0 0 0 1 1 1 1 0 0 0 0 0 
0 0 0 0 0 0 0 1 1 1 1 0 0 0 0 0 
0 0 0 0 0 0 1 1 1 1 1 0 0 0 0 0 
0 0 0 0 0 0 1 1 1 1 1 0 0 0 0 0 
0 0 0 0 0 0 1 1 1 1 1 0 0 0 0 0 
1 1 0 0 0 0 0 0 0 0 0 0 0 0 0 0 
1 1 0 0 0 0 0 0 0 0 0 0 0 0 0 0 
1 1 1 0 0 0 0 0 0 0 0 0 0 0 0 0 
1 1 1 1 1 1 1 1 1 1 1 0 0 0 0 0 
1 1 1 1 1 1 1 1 1 1 1 0 0 0 0 0 
1 1 1 0 1 1 1 1 1 1 0 0 0 0 0 1 
1 1 0 0 0 0 0 0 0 0 0 0 0 0 1 1 
1 1 0 0 0 0 0 0 0 0 0 0 0 1 1 1 
8  12
4  12
3  7
6  4
4  4
5  4
5  6
5  8
2  8
2  8
3  7
11  0
11  0
10  1
4  3
5  4
g 0.34375 5.5 5.5
threshold	127
1 1 0 0 0 0 1 1 1 1 1 1 1 1 1 1 
0 0 0 0 0 0 1 1 1 1 1 1 1 1 1 1 
0 0 0 0 0 0 1 1 1 1 1 1 1 1 1 1 
0 0 0 0 0 0 1 1 1 1 1 1 1 1 1 1 
0 0 0 0 0 0 1 1 1 1 1 1 1 1 1 1 
0 0 0 0 0 0 0 0 0 0 0 0 0 1 1 1 
0 0 0 0 0 0 0 0 0 0 0 0 0 0 1 1 
0 0 0 0 0 0 0 0 0 0 0 0 0 0 0 1 
0 0 0 0 0 0 1 1 1 1 0 0 0 0 0 0 
0 0 0 0 0 0 1 1 1 1 1 0 0 0 0 0 
0 0 0 0 0 0 1 1 1 1 1 0 0 0 0 0 
0 0 0 0 0 0 1 1 1 1 1 0 0 0 0 0 
0 0 0 0 0 0 1 1 1 1 1 0 0 0 0 0 
0 0 0 0 0 0 1 1 1 1 1 0 0 0 0 0 
0 0 0 0 0 0 1 1 1 1 1 0 0 0 0 0 
0 0 0 0 0 0 1 1 1 1 1 0 0 0 0 0 
12  1
10  1
10  0
10  0
10  0
3  0
2  13
1  13
4  13
5  13
5  12
5  5
5  5
5  6
5  7
5  8
h 0.378906 6.0625 6.0625
threshold	126
1 1 1 1 0 0 0 0 0 0 0 0 0 1 1 1 
0 0 0 0 0 0 0 0 0 0 0 0 0 0 0 0 
0 0 0 0 0 0 0 0 0 0 0 0 0 0 0 0 
1 1 1 1 0 0 0 0 0 0 0 0 0 1 1 1 
1 1 1 1 1 1 1 1 1 1 1 1 1 1 1 1 
0 0 0 0 0 0 0 0 0 0 0 0 0 0 0 0 
0 0 0 0 0 0 0 0 0 0 0 0 0 0 0 0 
0 0 0 0 0 0 0 0 0 0 0 0 0 0 0 0 
0 0 0 0 0 0 0 0 0 0 0 0 0 0 0 0 
0 0 0 0 0 0 0 0 0 0 0 0 0 0 0 0 
0 0 0 0 0 0 0 0 0 0 0 0 0 0 0 0 
0 0 0 0 0 0 0 0 0 0 0 0 0 0 0 0 
0 0 0 0 0 0 0 0 0 0 0 0 0 0 0 0 
0 0 0 0 0 0 0 0 0 0 0 0 0 0 0 0 
0 0 0 0 0 0 0 0 0 0 0 0 0 0 0 0 
0 0 0 0 0 0 0 0 0 0 0 0 0 0 0 0 
7  3
0  3
0  3
7  3
16  1
0  1
0  1
0  1
0  1
0  1
0  1
0  1
0  1
0  3
0  3
0  3
i 0.117188 1.875 1.875
threshold	127
1 1 1 1 1 1 1 0 0 0 0 0 0 0 1 1 
1 1 1 1 1 0 0 0 0 0 0 0 0 0 0 0 
1 1 1 1 1 0 0 0 0 0 0 0 0 0 0 0 
1 1 1 1 1 1 1 1 1 1 1 1 1 1 1 1 
1 1 1 1 1 0 0 0 0 0 0 0 0 0 0 0 
1 1 1 1 1 0 0 0 0 0 0 0 0 0 0 0 
1 1 1 1 1 0 0 0 0 0 0 0 0 0 0 0 
1 1 1 1 1 0 0 0 0 0 0 0 0 0 0 0 
1 1 1 1 1 0 0 0 0 0 0 0 0 0 0 0 
1 1 1 1 1 0 0 0 0 0 0 0 0 0 0 0 
1 1 1 1 1 0 0 0 0 0 0 0 0 0 0 0 
1 1 1 1 1 0 0 0 0 0 0 0 0 0 0 0 
1 1 1 1 1 0 0 0 0 0 0 0 0 0 0 0 
1 1 1 1 1 0 0 0 0 0 0 0 0 0 0 0 
0 0 0 0 0 0 0 0 0 0 0 0 0 0 0 0 
0 0 0 0 0 0 0 0 0 0 0 0 1 1 1 1 
9  14
5  14
5  14
16  14
5  14
5  2
5  2
5  1
5  1
5  1
5  1
5  1
5  2
5  2
0  3
4  3
j 0.347656 5.5625 5.5625
threshold	127
1 1 0 0 0 0 1 1 1 1 1 1 1 1 1 1 
0 0 0 0 0 0 1 1 1 1 1 1 1 1 1 1 
0 0 0 0 0 0 1 1 1 1 1 1 1 1 1 1 
0 0 0 0 0 0 1 1 1 1 1 1 1 1 1 1 
0 0 0 0 0 0 1 1 1 1 1 1 1 1 1 1 
0 0 0 0 0 0 1 1 1 1 0 0 0 0 0 0 
0 0 0 0 0 0 1 1 0 0 0 0 0 0 0 1 
0 0 0 0 0 0 1 0 0 0 0 0 0 0 1 1 
0 0 0 0 0 0 0 0 0 0 0 0 0 1 1 1 
0 0 0 0 0 0 0 0 0 0 0 0 1 1 1 1 
0 0 0 0 0 0 0 0 0 0 0 1 1 1 1 1 
0 0 0 0 0 0 0 0 0 0 0 0 1 1 1 1 
0 0 0 0 0 0 0 0 0 0 0 0 0 1 1 1 
0 0 0 0 0 0 1 0 0 0 0 0 0 0 1 1 
0 0 0 0 0 0 1 1 0 0 0 0 0 0 0 1 
0 0 0 0 0 0 1 1 1 1 0 0 0 0 0 1 
12  1
10  1
10  0
10  0
10  0
4  0
3  11
3  9
3  7
4  7
5  5
4  6
3  8
3  10
3  12
5  15
k 0.359375 5.75 5.75
threshold	127
1 1 1 0 0 0 0 0 0 0 0 0 1 1 1 1 
0 0 0 0 0 0 0 0 0 0 0 0 1 1 1 1 
0 0 0 0 0 0 0 0 0 0 0 0 1 1 1 1 
0 0 0 0 0 0 0 0 0 0 0 0 1 1 1 1 
0 0 0 0 0 0 0 0 0 0 0 0 1 1 1 1 
0 0 0 0 0 0 0 0 0 0 0 0 1 1 1 1 
0 0 0 0 0 0 0 0 0 0 0 0 1 1 1 1 
0 0 0 0 0 0 0 0 0 0 0 0 1 1 1 1 
0 0 0 0 0 0 0 0 0 0 0 0 1 1 1 1 
0 0 0 0 0 0 0 0 0 0 0 0 1 1 1 1 
0 0 0 0 0 0 0 0 0 0 0 0 1 1 1 1 
0 0 0 0 0 0 0 0 0 0 0 0 1 1 1 1 
0 0 0 0 0 0 0 0 0 0 0 0 1 1 1 1 
0 0 0 0 0 0 0 0 0 0 0 0 0 0 1 1 
1 1 1 0 0 0 0 0 0 0 0 0 0 0 0 0 
1 1 1 0 0 0 0 0 0 0 0 0 0 0 0 0 
7  3
4  3
4  3
4  0
4  0
4  0
4  0
4  0
4  0
4  0
4  0
4  0
4  13
2  13
3  14
3  14
l 0.246094 3.9375 3.9375
threshold	127
1 1 0 0 0 0 0 1 1 1 0 0 0 0 1 1 
0 0 0 0 0 0 0 0 0 0 0 0 0 0 0 1 
0 0 0 0 0 0 0 0 0 0 0 0 0 0 0 0 
0 0 0 0 0 0 0 0 0 0 0 0 0 0 0 0 
0 0 0 0 1 1 0 0 0 0 1 1 0 0 0 0 
0 0 0 0 1 1 1 0 0 0 1 1 1 0 0 0 
0 0 0 0 1 1 1 0 0 0 1 1 1 0 0 0 
0 0 0 0 1 1 1 0 0 0 1 1 1 0 0 0 
0 0 0 0 1 1 1 0 0 0 1 1 1 0 0 0 
0 0 0 0 1 1 1 0 0 0 1 1 1 0 0 0 
0 0 0 0 1 1 1 0 0 0 1 1 1 0 0 0 
0 0 0 0 1 1 1 0 0 0 1 1 1 0 0 0 
0 0 0 0 1 1 1 0 0 0 1 1 1 0 0 0 
0 0 0 0 1 1 1 0 0 0 1 1 1 0 0 0 
0 0 0 0 1 1 1 0 0 0 1 1 1 0 0 0 
0 0 0 0 1 1 1 0 0 0 1 1 1 0 0 0 
7  1
1  1
0  0
0  0
4  12
6  12
6  11
6  1
6  1
6  1
6  12
6  12
6  11
6  0
6  1
6  2
m 0.304688 4.875 4.875
threshold	127
1 1 1 0 0 0 0 0 0 0 0 0 1 1 1 1 
0 0 0 0 0 0 0 0 0 0 0 0 0 0 1 1 
0 0 0 0 0 0 0 0 0 0 0 0 0 0 0 1 
0 0 0 0 0 0 0 0 0 0 0 0 0 0 0 1 
0 0 0 0 0 0 1 1 1 1 0 0 0 0 0 0 
0 0 0 0 0 0 1 1 1 1 1 0 0 0 0 0 
0 0 0 0 0 0 1 1 1 1 1 0 0 0 0 0 
0 0 0 0 0 0 1 1 1 1 1 0 0 0 0 0 
0 0 0 0 0 0 1 1 1 1 1 0 0 0 0 0 
0 0 0 0 0 0 1 1 1 1 1 0 0 0 0 0 
0 0 0 0 0 0 1 1 1 1 1 0 0 0 0 0 
0 0 0 0 0 0 1 1 1 1 1 0 0 0 0 0 
0 0 0 0 0 0 1 1 1 1 1 0 0 0 0 0 
0 0 0 0 0 0 1 1 1 1 1 0 0 0 0 0 
0 0 0 0 0 0 1 1 1 1 1 0 0 0 0 0 
0 0 0 0 0 0 1 1 1 1 1 0 0 0 0 0 
7  1
2  1
1  1
1  0
4  0
5  0
5  12
5  12
5  12
5  12
5  11
5  0
5  1
5  1
5  2
5  4
n 0.273438 4.375 4.375
threshold	127
1 1 1 1 1 0 0 0 0 0 0 1 1 1 1 1 
1 1 1 0 0 0 0 0 0 0 0 0 0 1 1 1 
1 1 0 0 0 0 0 0 0 0 0 0 0 0 1 1 
1 0 0 0 0 0 0 0 0 0 0 0 0 0 0 1 
1 0 0 0 0 0 1 1 1 1 0 0 0 0 0 1 
0 0 0 0 0 0 1 1 1 1 0 0 0 0 0 0 
0 0 0 0 0 1 1 1 1 1 1 0 0 0 0 0 
0 0 0 0 0 1 1 1 1 1 1 0 0 0 0 0 
0 0 0 0 0 1 1 1 1 1 1 0 0 0 0 0 
0 0 0 0 0 1 1 1 1 1 1 0 0 0 0 0 
0 0 0 0 0 0 1 1 1 1 0 0 0 0 0 0 
1 0 0 0 0 0 1 1 1 1 0 0 0 0 0 1 
1 0 0 0 0 0 0 0 0 0 0 0 0 0 0 1 
1 1 0 0 0 0 0 0 0 0 0 0 0 0 1 1 
1 1 1 0 0 0 0 0 0 0 0 0 0 1 1 1 
1 1 1 1 1 0 0 0 0 0 0 1 1 1 1 1 
10  10
6  6
4  4
2  2
6  2
4  4
6  8
6  8
6  8
6  8
4  4
6  2
2  2
4  4
6  6
10  10
o 0.34375 5.5 5.5
threshold	127
1 1 1 0 0 0 0 0 0 0 0 1 1 1 1 1 
0 0 0 0 0 0 0 0 0 0 0 0 0 1 1 1 
0 0 0 0 0 0 0 0 0 0 0 0 0 0 1 1 
0 0 0 0 0 0 1 1 1 1 0 0 0 0 0 1 
0 0 0 0 0 0 1 1 1 1 0 0 0 0 0 0 
0 0 0 0 0 0 1 1 1 1 1 0 0 0 0 0 
0 0 0 0 0 0 1 1 1 1 1 0 0 0 0 0 
0 0 0 0 0 0 1 1 1 1 1 0 0 0 0 0 
0 0 0 0 0 0 1 1 1 1 0 0 0 0 0 1 
0 0 0 0 0 0 0 0 0 0 0 0 0 0 0 1 
0 0 0 0 0 0 0 0 0 0 0 0 0 0 1 1 
0 0 0 0 0 0 0 0 0 0 0 0 1 1 1 1 
0 0 0 0 0 0 1 1 1 1 1 1 1 1 1 1 
0 0 0 0 0 0 1 1 1 1 1 1 1 1 1 1 
0 0 0 0 0 0 1 1 1 1 1 1 1 1 1 1 
0 0 0 0 0 0 1 1 1 1 1 1 1 1 1 1 
8  1
3  1
2  1
5  0
4  0
5  0
5  10
5  10
5  10
1  10
2  7
4  5
10  6
10  7
10  9
10  12
p 0.347656 5.5625 5.5625
threshold	127
1 1 1 1 1 1 0 0 0 0 0 0 0 0 1 1 
1 1 1 0 0 0 0 0 0 0 0 0 0 0 0 0 
1 1 0 0 0 0 0 0 0 0 0 0 0 0 0 0 
1 0 0 0 0 0 0 1 1 1 1 0 0 0 0 0 
0 0 0 0 0 0 1 1 1 1 1 0 0 0 0 0 
0 0 0 0 0 1 1 1 1 1 1 0 0 0 0 0 
0 0 0 0 0 1 1 1 1 1 1 0 0 0 0 0 
0 0 0 0 0 1 1 1 1 1 1 0 0 0 0 0 
1 0 0 0 0 0 0 1 1 1 1 0 0 0 0 0 
1 0 0 0 0 0 0 0 0 0 0 0 0 0 0 0 
1 1 0 0 0 0 0 0 0 0 0 0 0 0 0 0 
1 1 1 1 0 0 0 0 0 0 1 0 0 0 0 0 
1 1 1 1 1 1 1 1 1 1 1 0 0 0 0 0 
1 1 1 1 1 1 1 1 1 1 1 0 0 0 0 0 
1 1 1 1 1 1 1 1 1 1 1 0 0 0 0 0 
1 1 1 1 1 1 1 1 1 1 1 0 0 0 0 0 
8  12
3  9
2  7
5  6
5  5
6  8
6  8
6  10
5  10
1  10
2  11
5  0
11  0
11  0
11  1
11  1
q 0.382812 6.125 6.125
threshold	127
1 1 1 1 1 0 0 0 0 0 0 0 0 0 0 0 
0 0 0 0 0 0 0 0 0 0 0 0 0 0 0 0 
0 0 0 0 0 0 0 0 0 0 0 0 0 0 0 0 
0 0 0 0 0 0 0 0 0 0 0 0 0 0 0 1 
0 0 0 0 0 0 0 0 1 1 1 1 1 1 1 1 
0 0 0 0 0 0 0 0 1 1 1 1 1 1 1 1 
0 0 0 0 0 0 0 0 1 1 1 1 1 1 1 1 
0 0 0 0 0 0 0 0 1 1 1 1 1 1 1 1 
0 0 0 0 0 0 0 0 1 1 1 1 1 1 1 1 
0 0 0 0 0 0 0 0 1 1 1 1 1 1 1 1 
0 0 0 0 0 0 0 0 1 1 1 1 1 1 1 1 
0 0 0 0 0 0 0 0 1 1 1 1 1 1 1 1 
0 0 0 0 0 0 0 0 1 1 1 1 1 1 1 1 
0 0 0 0 0 0 0 0 1 1 1 1 1 1 1 1 
0 0 0 0 0 0 0 0 1 1 1 1 1 1 1 1 
0 0 0 0 0 0 0 0 1 1 1 1 1 1 1 1 
5  1
0  1
0  1
1  1
8  1
8  0
8  0
8  0
8  12
8  12
8  12
8  12
8  12
8  12
8  12
8  13
r 0.398438 6.375 6.375
threshold	127
1 1 1 1 1 0 0 0 0 0 0 0 0 0 1 1 
1 1 1 0 0 0 0 0 0 0 0 0 0 0 0 1 
1 1 0 0 0 0 0 0 0 0 0 0 0 0 0 1 
0 0 0 0 0 0 0 0 0 0 0 0 0 0 0 1 
0 0 0 0 0 0 0 1 1 1 1 1 1 1 1 1 
0 0 0 0 0 0 0 1 1 1 1 1 1 1 1 1 
0 0 0 0 0 0 0 0 0 0 0 0 0 0 1 1 
0 0 0 0 0 0 0 0 0 0 0 0 0 0 0 1 
1 1 0 0 0 0 0 0 0 0 0 0 0 0 0 0 
1 1 1 0 0 0 0 0 0 0 0 0 0 0 0 0 
1 1 1 1 1 1 1 1 1 1 0 0 0 0 0 0 
0 0 0 1 1 1 1 1 1 1 0 0 0 0 0 0 
0 0 0 0 0 0 0 0 0 0 0 0 0 0 0 0 
0 0 0 0 0 0 0 0 0 0 0 0 0 0 0 1 
0 0 0 0 0 0 0 0 0 0 0 0 0 0 1 1 
1 1 0 0 0 0 0 0 0 0 0 0 1 1 1 1 
7  7
4  7
3  4
1  3
9  3
9  2
2  2
1  4
2  4
3  4
10  2
7  2
0  3
1  3
2  6
6  11
s 0.261719 4.1875 4.1875
threshold	127
1 1 1 1 1 1 1 0 0 1 1 1 1 1 1 1 
1 1 1 1 0 0 0 0 0 1 1 1 1 1 1 1 
1 1 1 1 0 0 0 0 0 1 1 1 1 1 1 1 
1 1 1 1 0 0 0 0 0 1 1 1 1 1 1 1 
0 0 0 0 0 0 0 0 0 0 0 0 0 0 0 0 
0 0 0 0 0 0 0 0 0 0 0 0 0 0 0 0 
0 0 0 0 0 0 0 0 0 0 0 0 0 0 0 0 
1 1 1 1 0 0 0 0 0 1 1 1 1 1 1 1 
1 1 1 1 0 0 0 0 0 1 1 1 1 1 1 1 
1 1 1 1 0 0 0 0 0 1 1 1 1 1 1 1 
1 1 1 1 0 0 0 0 0 1 1 1 1 1 1 1 
1 1 1 1 0 0 0 0 0 1 1 1 1 1 1 1 
1 1 1 1 0 0 0 0 0 1 1 1 1 1 1 1 
1 1 1 1 0 0 0 0 0 0 1 1 1 1 1 1 
1 1 1 1 0 0 0 0 0 0 0 0 0 0 0 0 
1 1 1 1 1 0 0 0 0 0 0 0 0 0 0 0 
14  13
11  13
11  13
11  13
0  2
0  1
0  1
11  0
11  0
11  10
11  11
11  11
11  11
10  11
4  11
5  11
t 0.515625 8.25 8.25
threshold	127
0 0 0 0 0 0 1 1 1 1 1 0 0 0 0 0 
0 0 0 0 0 0 1 1 1 1 1 0 0 0 0 0 
0 0 0 0 0 0 1 1 1 1 1 0 0 0 0 0 
0 0 0 0 0 0 1 1 1 1 1 0 0 0 0 0 
0 0 0 0 0 0 1 1 1 1 1 0 0 0 0 0 
0 0 0 0 0 0 1 1 1 1 1 0 0 0 0 0 
0 0 0 0 0 0 1 1 1 1 1 0 0 0 0 0 
0 0 0 0 0 0 1 1 1 1 1 0 0 0 0 0 
0 0 0 0 0 0 1 1 1 1 1 0 0 0 0 0 
0 0 0 0 0 0 1 1 1 1 1 0 0 0 0 0 
0 0 0 0 0 0 1 1 1 1 1 0 0 0 0 0 
0 0 0 0 0 0 0 1 1 1 1 0 0 0 0 0 
1 1 0 0 0 0 0 0 0 0 0 0 0 0 0 0 
1 1 0 0 0 0 0 0 0 0 0 0 0 0 0 0 
1 1 1 0 0 0 0 0 0 0 0 0 0 0 0 0 
1 1 1 1 1 0 0 0 0 0 0 0 0 0 1 1 
5  4
5  4
5  2
5  1
5  1
5  0
5  11
5  12
5  12
5  12
5  12
4  0
2  0
2  0
3  1
7  1
u 0.285156 4.5625 4.5625
threshold	127
0 0 0 0 0 1 1 1 1 1 1 0 0 0 0 0 
0 0 0 0 0 0 1 1 1 1 0 0 0 0 0 0 
1 0 0 0 0 0 1 1 1 1 0 0 0 0 0 1 
1 0 0 0 0 0 1 1 1 1 0 0 0 0 0 1 
1 0 0 0 0 0 0 1 1 1 0 0 0 0 0 1 
1 1 0 0 0 0 0 1 1 1 0 0 0 0 0 1 
1 1 0 0 0 0 0 1 1 0 0 0 0 0 1 1 
1 1 0 0 0 0 0 1 1 0 0 0 0 0 1 1 
1 1 1 0 0 0 0 0 1 0 0 0 0 0 1 1 
1 1 1 0 0 0 0 0 1 0 0 0 0 0 1 1 
1 1 1 0 0 0 0 0 0 0 0 0 0 1 1 1 
1 1 1 1 0 0 0 0 0 0 0 0 0 1 1 1 
1 1 1 1 0 0 0 0 0 0 0 0 0 1 1 1 
1 1 1 1 1 0 0 0 0 0 0 0 0 1 1 1 
1 1 1 1 1 0 0 0 0 0 0 0 1 1 1 1 
1 1 1 1 1 0 0 0 0 0 0 0 1 1 1 1 
6  14
4  11
6  8
6  5
5  3
6  1
6  4
6  8
6  10
6  6
6  1
7  0
7  2
8  6
9  10
9  14
v 0.402344 6.4375 6.4375
threshold	127
0 0 0 0 1 1 1 0 0 0 1 1 1 0 0 0 
0 0 0 0 1 1 1 0 0 0 1 1 1 0 0 0 
1 0 0 0 0 1 1 0 0 0 1 1 0 0 0 0 
1 0 0 0 0 1 1 0 0 0 1 1 0 0 0 0 
1 0 0 0 0 1 1 0 0 0 1 1 0 0 0 0 
1 1 0 0 0 1 1 0 0 0 1 1 0 0 0 1 
1 1 0 0 0 1 1 0 0 0 0 1 0 0 0 1 
1 1 0 0 0 1 0 0 0 0 0 1 0 0 0 1 
1 1 1 0 0 1 0 0 1 0 0 1 0 0 1 1 
1 1 1 0 0 0 0 0 1 0 0 0 0 0 1 1 
1 1 1 0 0 0 0 0 1 0 0 0 0 0 1 1 
1 1 1 0 0 0 0 1 1 1 0 0 0 0 1 1 
1 1 1 0 0 0 0 1 1 1 0 0 0 0 1 1 
1 1 1 1 0 0 0 1 1 1 0 0 0 1 1 1 
1 1 1 1 0 0 0 1 1 1 0 0 0 1 1 1 
1 1 1 1 0 0 0 1 1 1 0 0 0 1 1 1 
6  14
6  11
5  8
5  3
5  2
7  9
6  7
5  5
8  8
6  5
6  6
8  9
8  2
10  3
10  8
10  11
w 0.433594 6.9375 6.9375
threshold	127
0 0 0 0 0 0 1 1 1 1 1 0 0 0 0 0 
1 0 0 0 0 0 0 1 1 1 0 0 0 0 0 0 
1 1 0 0 0 0 0 0 1 0 0 0 0 0 0 1 
1 1 0 0 0 0 0 0 0 0 0 0 0 0 0 1 
1 1 1 0 0 0 0 0 0 0 0 0 0 0 1 1 
1 1 1 1 0 0 0 0 0 0 0 0 0 1 1 1 
1 1 1 1 0 0 0 0 0 0 0 0 0 1 1 1 
1 1 1 1 1 0 0 0 0 0 0 0 1 1 1 1 
1 1 1 1 1 0 0 0 0 0 0 0 1 1 1 1 
1 1 1 1 0 0 0 0 0 0 0 0 1 1 1 1 
1 1 1 1 0 0 0 0 0 0 0 0 0 1 1 1 
1 1 1 0 0 0 0 0 0 0 0 0 0 0 1 1 
1 1 0 0 0 0 0 0 0 0 0 0 0 0 0 1 
1 1 0 0 0 0 0 0 1 0 0 0 0 0 0 1 
1 0 0 0 0 0 0 1 1 1 0 0 0 0 0 0 
0 0 0 0 0 0 1 1 1 1 1 0 0 0 0 0 
5  14
4  12
4  8
3  6
5  2
7  0
7  2
9  4
9  6
8  4
7  2
5  0
3  3
4  6
4  8
5  12
x 0.347656 5.5625 5.5625
threshold	127
0 0 0 0 0 1 1 1 1 1 1 1 0 0 0 0 
0 0 0 0 0 0 1 1 1 1 1 0 0 0 0 0 
1 0 0 0 0 0 1 1 1 1 1 0 0 0 0 0 
1 0 0 0 0 0 0 1 1 1 0 0 0 0 0 0 
1 1 0 0 0 0 0 1 1 1 0 0 0 0 0 1 
1 1 0 0 0 0 0 1 1 1 0 0 0 0 0 1 
1 1 1 0 0 0 0 0 1 0 0 0 0 0 1 1 
1 1 1 0 0 0 0 0 1 0 0 0 0 0 1 1 
1 1 1 1 0 0 0 0 0 0 0 0 0 1 1 1 
1 1 1 1 0 0 0 0 0 0 0 0 0 1 1 1 
1 1 1 1 1 0 0 0 0 0 0 0 1 1 1 1 
1 1 1 1 1 1 0 0 0 0 0 0 1 1 1 1 
1 1 1 1 1 0 0 0 0 0 0 1 1 1 1 1 
1 1 1 1 0 0 0 0 0 0 0 1 1 1 1 1 
0 0 0 0 0 0 0 0 0 1 1 1 1 1 1 1 
0 0 0 0 0 0 0 0 1 1 1 1 1 1 1 1 
7  12
5  10
6  8
4  6
6  3
6  2
6  3
6  6
7  9
7  8
9  5
10  5
10  6
9  8
7  10
8  12
y 0.441406 7.0625 7.0625
threshold	127
0 0 0 0 0 0 0 0 0 0 0 0 0 0 0 0 
0 0 0 0 0 0 0 0 0 0 0 0 0 0 0 0 
0 0 0 0 0 0 0 0 0 0 0 0 0 0 0 0 
0 0 0 0 0 0 0 0 0 0 0 0 0 0 0 0 
1 1 1 1 1 1 1 1 0 0 0 0 0 0 0 1 
1 1 1 1 1 1 1 0 0 0 0 0 0 0 1 1 
1 1 1 1 1 0 0 0 0 0 0 0 0 0 1 1 
1 1 1 1 1 0 0 0 0 0 0 0 0 1 1 1 
1 1 1 1 0 0 0 0 0 0 0 0 1 1 1 1 
1 1 1 0 0 0 0 0 0 0 0 0 1 1 1 1 
1 1 0 0 0 0 0 0 0 0 1 1 1 1 1 1 
1 1 0 0 0 0 0 0 0 1 1 1 1 1 1 1 
0 0 0 0 0 0 0 0 0 0 0 0 0 0 0 0 
0 0 0 0 0 0 0 0 0 0 0 0 0 0 0 0 
0 0 0 0 0 0 0 0 0 0 0 0 0 0 0 0 
0 0 0 0 0 0 0 0 0 0 0 0 0 0 0 0 
0  8
0  8
0  6
0  5
9  4
9  2
7  2
8  1
8  0
7  1
8  2
9  2
0  4
0  5
0  7
0  8
z 0.253906 4.0625 4.0625
threshold	127
1 1 1 1 1 1 0 0 0 0 0 1 1 1 1 1 
1 1 1 1 0 0 0 0 0 0 0 0 0 1 1 1 
1 1 1 0 0 0 0 0 0 0 0 0 0 0 1 1 
1 1 1 0 0 0 0 0 0 0 0 0 0 0 1 1 
1 1 0 0 0 0 0 1 1 1 0 0 0 0 0 1 
0 0 0 0 0 0 1 1 1 1 1 0 0 0 0 0 
0 0 0 0 0 0 1 1 1 1 1 0 0 0 0 0 
0 0 0 0 0 0 1 1 1 1 1 0 0 0 0 0 
0 0 0 0 0 0 1 1 1 1 1 0 0 0 0 0 
0 0 0 0 0 0 1 1 1 1 1 0 0 0 0 0 
0 0 0 0 0 0 1 1 1 1 1 0 0 0 0 0 
0 0 0 0 0 0 1 1 1 1 1 0 0 0 0 0 
1 1 0 0 0 0 0 1 1 1 0 0 0 0 0 1 
1 1 0 0 0 0 0 0 0 0 0 0 0 0 1 1 
1 1 1 0 0 0 0 0 0 0 0 0 0 0 1 1 
1 1 1 1 0 0 0 0 0 0 0 0 0 1 1 1 
11  9
7  9
5  6
5  3
6  1
5  1
5  7
5  9
5  9
5  9
5  7
5  1
6  1
4  3
5  7
7  9
0 0.355469 5.6875 5.6875
threshold	127
1 1 1 1 1 1 1 1 0 0 0 0 1 1 1 1 
1 1 1 1 1 0 0 0 0 0 0 0 1 1 1 1 
1 1 1 1 0 0 0 0 0 0 0 0 1 1 1 1 
1 1 0 0 0 0 0 0 0 0 0 0 1 1 1 1 
0 0 0 0 0 0 0 0 0 0 0 0 1 1 1 1 
1 1 0 0 0 0 0 0 0 0 0 0 1 1 1 1 
1 1 1 1 1 1 1 0 0 0 0 0 1 1 1 1 
1 1 1 1 1 1 1 0 0 0 0 0 1 1 1 1 
1 1 1 1 1 1 1 0 0 0 0 0 1 1 1 1 
1 1 1 1 1 1 1 0 0 0 0 0 1 1 1 1 
1 1 1 1 1 1 1 0 0 0 0 0 1 1 1 1 
1 1 1 1 1 1 1 0 0 0 0 0 1 1 1 1 
1 1 1 1 1 1 1 0 0 0 0 0 1 1 1 1 
1 1 1 1 1 1 1 0 0 0 0 0 1 1 1 1 
1 1 0 0 0 0 0 0 0 0 0 0 0 0 0 0 
1 1 0 0 0 0 0 0 0 0 0 0 0 0 0 0 
12  15
9  15
8  11
6  11
4  10
6  9
11  9
11  1
11  0
11  0
11  0
11  0
11  14
11  14
2  14
2  14
1 0.535156 8.5625 8.5625
threshold	127
1 1 1 1 1 0 0 0 0 0 0 0 1 1 1 1 
1 1 1 0 0 0 0 0 0 0 0 0 0 1 1 1 
0 0 0 0 0 0 0 0 0 0 0 0 0 0 1 1 
0 0 0 0 0 0 0 0 0 0 0 0 0 0 0 1 
1 1 1 0 1 1 1 1 1 1 0 0 0 0 0 1 
1 1 1 1 1 1 1 1 1 1 0 0 0 0 0 1 
1 1 1 1 1 1 1 1 1 1 0 0 0 0 0 1 
1 1 1 1 1 1 1 1 0 0 0 0 0 0 1 1 
1 1 1 1 1 1 1 0 0 0 0 0 0 1 1 1 
1 1 1 1 1 1 0 0 0 0 0 0 0 1 1 1 
1 1 1 1 0 0 0 0 0 0 0 1 1 1 1 1 
1 1 1 1 0 0 0 0 0 0 1 1 1 1 1 1 
1 1 1 0 0 0 0 0 0 0 1 1 1 1 1 1 
1 1 0 0 0 0 0 0 0 0 0 0 0 0 0 0 
1 1 0 0 0 0 0 0 0 0 0 0 0 0 0 0 
1 1 0 0 0 0 0 0 0 0 0 0 0 0 0 0 
9  14
6  14
2  11
1  8
10  7
11  6
11  5
10  4
10  3
9  3
9  2
10  3
9  4
2  7
2  9
2  13
2 0.441406 7.0625 7.0625
threshold	127
1 1 1 1 0 0 0 0 0 0 0 1 1 1 1 1 
1 1 0 0 0 0 0 0 0 0 0 0 0 1 1 1 
0 0 0 0 0 0 0 0 0 0 0 0 0 0 1 1 
1 1 0 0 0 0 0 0 0 0 0 0 0 0 0 1 
1 1 1 1 1 1 1 1 1 1 0 0 0 0 0 1 
1 1 1 1 1 1 1 1 1 1 0 0 0 0 0 1 
1 1 1 1 1 1 1 1 0 0 0 0 0 0 1 1 
1 1 1 1 0 0 0 0 0 0 0 0 0 1 1 1 
1 1 1 1 0 0 0 0 0 0 0 0 0 0 1 1 
1 1 1 1 0 0 0 0 0 0 0 0 0 0 0 1 
1 1 1 1 1 1 1 1 1 1 1 0 0 0 0 0 
1 1 1 1 1 1 1 1 1 1 1 0 0 0 0 0 
1 1 1 1 1 1 1 1 1 1 1 0 0 0 0 0 
0 0 0 0 0 0 0 0 0 0 0 0 0 0 0 1 
0 0 0 0 0 0 0 0 0 0 0 0 0 0 0 1 
0 0 0 0 0 0 0 0 0 0 0 0 0 0 1 1 
9  12
5  12
2  10
3  10
11  6
11  6
10  6
7  6
6  5
5  5
11  3
11  1
11  1
1  3
1  7
2  13
3 0.414062 6.625 6.625
threshold	127
1 1 1 1 1 1 1 1 1 0 0 0 0 0 1 1 
1 1 1 1 1 1 1 1 0 0 0 0 0 0 1 1 
1 1 1 1 1 1 1 0 0 0 0 0 0 0 1 1 
1 1 1 1 1 1 0 0 0 0 0 0 0 0 1 1 
1 1 1 1 1 0 0 0 0 0 0 0 0 0 1 1 
1 1 1 1 0 0 0 0 1 0 0 0 0 0 1 1 
1 1 1 1 0 0 0 0 1 0 0 0 0 0 1 1 
1 1 0 0 0 0 0 1 1 0 0 0 0 0 1 1 
1 1 0 0 0 0 1 1 1 0 0 0 0 0 1 1 
0 0 0 0 0 0 1 1 1 0 0 0 0 0 1 1 
0 0 0 0 0 0 0 0 0 0 0 0 0 0 0 0 
0 0 0 0 0 0 0 0 0 0 0 0 0 0 0 0 
0 0 0 0 0 0 0 0 0 0 0 0 0 0 0 0 
1 1 1 1 1 1 1 1 1 0 0 0 0 0 1 1 
1 1 1 1 1 1 1 1 1 0 0 0 0 0 1 1 
1 1 1 1 1 1 1 1 1 0 0 0 0 0 1 1 
11  12
10  12
9  10
8  10
7  8
7  7
7  8
6  8
7  9
5  0
0  0
0  0
0  0
11  0
11  13
11  13
4 0.429688 6.875 6.875
threshold	127
1 1 1 0 0 0 0 0 0 0 0 0 0 0 0 1 
1 1 1 0 0 0 0 0 0 0 0 0 0 0 0 1 
1 1 1 0 0 0 0 0 0 0 0 0 0 0 0 1 
1 1 1 0 0 0 0 0 0 0 0 0 0 0 0 1 
1 1 1 0 0 0 0 1 1 1 1 1 1 1 1 1 
1 1 0 0 0 0 0 1 1 1 1 1 1 1 1 1 
1 1 0 0 0 0 0 0 0 0 0 1 1 1 1 1 
1 1 0 0 0 0 0 0 0 0 0 0 0 0 1 1 
1 1 0 0 0 0 0 0 0 0 0 0 0 0 0 1 
1 1 1 1 1 1 1 0 0 0 0 0 0 0 0 0 
1 1 1 1 1 1 1 1 1 1 1 0 0 0 0 0 
1 1 1 1 1 1 1 1 1 1 1 0 0 0 0 0 
1 1 1 1 1 1 1 1 1 1 1 0 0 0 0 0 
1 1 0 0 0 0 0 0 0 0 0 0 0 0 0 1 
0 0 0 0 0 0 0 0 0 0 0 0 0 0 0 1 
0 0 0 0 0 0 0 0 0 0 0 0 0 1 1 1 
4  14
4  14
4  9
4  4
12  4
11  4
7  4
4  5
3  5
7  5
11  5
11  3
11  3
3  4
1  5
3  12
5 0.390625 6.25 6.25
threshold	127
1 1 1 1 1 1 1 1 1 1 0 0 0 0 0 1 
1 1 1 1 1 1 1 1 0 0 0 0 0 0 0 1 
1 1 1 1 1 1 0 0 0 0 0 0 0 0 0 1 
1 1 1 1 0 0 0 0 0 0 0 0 0 0 0 1 
1 1 1 0 0 0 0 0 0 1 1 1 1 1 1 1 
1 1 0 0 0 0 0 0 1 1 1 1 1 1 1 1 
1 1 0 0 0 0 0 1 1 1 1 1 1 1 1 1 
0 0 0 0 0 0 0 0 0 0 0 0 0 0 1 1 
0 0 0 0 0 0 0 0 0 0 0 0 0 0 0 1 
0 0 0 0 0 0 0 0 0 0 0 0 0 0 0 1 
0 0 0 0 0 0 1 1 1 1 1 0 0 0 0 0 
0 0 0 0 0 0 1 1 1 1 1 0 0 0 0 0 
0 0 0 0 0 0 1 1 1 1 1 0 0 0 0 0 
1 1 0 0 0 0 0 0 0 0 0 0 0 0 0 1 
1 1 1 0 0 0 0 0 0 0 0 0 0 0 0 1 
1 1 1 1 0 0 0 0 0 0 0 0 0 1 1 1 
11  10
9  10
7  7
5  5
10  3
10  3
11  5
2  6
1  6
1  7
5  6
5  3
5  3
3  4
4  5
7  13
6 0.375 6 6
threshold	127
0 0 0 0 0 0 0 0 0 0 0 0 0 0 0 0 
0 0 0 0 0 0 0 0 0 0 0 0 0 0 0 0 
0 0 0 0 0 0 0 0 0 0 0 0 0 0 0 0 
0 0 0 0 0 0 0 0 0 0 0 0 0 0 0 0 
1 1 1 1 1 1 1 1 1 0 0 0 0 0 1 1 
1 1 1 1 1 1 1 1 0 0 0 0 0 0 1 1 
1 1 1 1 1 1 1 1 0 0 0 0 0 1 1 1 
1 1 1 1 1 1 1 0 0 0 0 0 1 1 1 1 
1 1 1 1 1 1 1 0 0 0 0 0 1 1 1 1 
1 1 1 1 1 1 0 0 0 0 0 1 1 1 1 1 
1 1 1 1 1 1 0 0 0 0 0 1 1 1 1 1 
1 1 1 1 1 0 0 0 0 0 1 1 1 1 1 1 
1 1 1 1 1 0 0 0 0 0 1 1 1 1 1 1 
1 1 1 1 1 0 0 0 0 0 1 1 1 1 1 1 
1 1 1 1 0 0 0 0 0 1 1 1 1 1 1 1 
1 1 1 1 0 0 0 0 0 1 1 1 1 1 1 1 
0  12
0  12
0  12
0  12
11  10
10  7
11  5
11  3
11  1
11  2
11  5
11  7
11  9
11  10
11  12
11  12
7 0.511719 8.1875 8.1875
threshold	127
1 1 1 1 1 0 0 0 0 0 0 1 1 1 1 1 
1 1 1 0 0 0 0 0 0 0 0 0 0 1 1 1 
1 1 0 0 0 0 0 0 0 0 0 0 0 0 1 1 
1 1 0 0 0 0 0 0 0 0 0 0 0 0 0 1 
0 0 0 0 0 0 1 1 1 1 0 0 0 0 0 1 
0 0 0 0 0 0 1 1 1 1 0 0 0 0 0 1 
0 0 0 0 0 0 0 1 1 0 0 0 0 0 1 1 
1 1 1 0 0 0 0 0 0 0 0 0 0 1 1 1 
1 1 1 0 0 0 0 0 0 0 0 0 0 0 1 1 
1 1 0 0 0 0 0 0 0 0 0 0 0 0 0 1 
0 0 0 0 0 0 1 1 1 1 1 0 0 0 0 0 
0 0 0 0 0 0 1 1 1 1 1 0 0 0 0 0 
0 0 0 0 0 0 1 1 1 1 1 0 0 0 0 0 
1 1 0 0 0 0 0 0 0 0 0 0 0 0 0 1 
1 1 0 0 0 0 0 0 0 0 0 0 0 0 0 1 
1 1 1 0 0 0 0 0 0 0 0 0 0 0 1 1 
10  10
6  10
4  5
3  1
5  1
5  0
4  5
6  6
5  6
3  5
5  3
5  1
5  1
3  3
3  7
5  13
8 0.300781 4.8125 4.8125
threshold	127
1 1 1 1 1 0 0 0 0 0 0 0 1 1 1 1 
1 1 1 0 0 0 0 0 0 0 0 0 0 1 1 1 
1 1 0 0 0 0 0 0 0 0 0 0 0 0 1 1 
1 1 0 0 0 0 0 1 1 1 0 0 0 0 0 1 
0 0 0 0 0 1 1 1 1 1 0 0 0 0 0 1 
0 0 0 0 0 1 1 1 1 1 1 1 0 0 0 1 
0 0 0 0 0 1 1 1 1 1 1 1 0 0 0 0 
0 0 0 0 0 0 0 1 1 1 1 1 0 0 0 0 
1 1 0 0 0 0 0 0 0 0 0 0 0 0 0 0 
1 1 1 0 0 0 0 0 0 0 0 0 0 0 0 1 
1 1 1 1 0 0 0 0 0 0 0 0 0 0 0 1 
1 1 1 1 1 1 1 1 1 1 0 0 0 0 1 1 
1 1 1 1 1 1 1 1 1 0 0 0 0 0 1 1 
1 1 1 1 1 0 0 0 0 0 0 0 0 1 1 1 
1 1 0 0 0 0 0 0 0 0 0 0 1 1 1 1 
1 1 0 0 0 0 0 0 0 0 1 1 1 1 1 1 
9  12
6  12
4  7
6  5
6  4
8  5
7  5
5  7
2  7
4  6
5  4
12  4
11  3
8  5
6  8
8  13
9 0.417969 6.6875 6.6875
threshold	127
1 1 1 1 1 1 1 0 0 0 0 1 1 1 1 1 
1 1 1 1 1 1 0 0 0 0 0 0 1 1 1 1 
1 1 1 1 1 1 0 0 0 0 0 0 1 1 1 1 
1 1 1 1 1 0 0 0 0 0 0 0 0 1 1 1 
1 1 1 1 0 0 0 0 0 0 0 0 0 1 1 1 
1 1 1 1 0 0 0 0 1 0 0 0 0 1 1 1 
1 1 1 1 0 0 0 0 1 0 0 0 0 1 1 1 
1 1 1 1 0 0 0 1 1 1 0 0 0 0 1 1 
1 1 1 1 0 0 0 1 1 1 0 0 0 0 1 1 
1 1 1 0 0 0 0 1 1 1 0 0 0 0 1 1 
1 1 0 0 0 0 0 0 0 0 0 0 0 0 0 1 
1 1 0 0 0 0 0 0 0 0 0 0 0 0 0 1 
1 1 0 0 0 0 0 0 0 0 0 0 0 0 0 1 
1 0 0 0 0 1 1 1 1 1 1 1 0 0 0 0 
1 0 0 0 0 1 1 1 1 1 1 1 0 0 0 0 
0 0 0 0 0 1 1 1 1 1 1 1 0 0 0 0 
12  15
10  13
10  10
8  9
7  4
8  6
8  4
9  6
9  8
8  6
3  3
3  4
3  3
8  7
8  10
7  13
A 0.472656 7.5625 7.5625
threshold	127
1 0 0 0 0 0 0 0 0 0 1 1 1 1 1 1 
0 0 0 0 0 0 0 0 0 0 0 0 0 1 1 1 
0 0 0 0 0 0 0 0 0 0 0 0 0 0 1 1 
0 0 0 0 0 0 0 0 0 0 0 0 0 0 0 1 
0 0 0 0 0 1 1 1 1 1 0 0 0 0 0 1 
0 0 0 0 0 1 1 1 1 1 0 0 0 0 0 1 
0 0 0 0 0 1 1 1 1 0 0 0 0 0 0 1 
0 0 0 0 0 0 0 0 0 0 0 0 0 1 1 1 
0 0 0 0 0 0 0 0 0 0 0 0 0 0 1 1 
0 0 0 0 0 0 0 0 0 0 0 0 0 0 0 1 
0 0 0 0 0 1 1 1 1 1 1 0 0 0 0 0 
0 0 0 0 0 1 1 1 1 1 1 0 0 0 0 0 
0 0 0 0 0 1 1 1 1 1 1 0 0 0 0 0 
0 0 0 0 0 0 0 0 0 0 0 0 0 0 0 1 
0 0 0 0 0 0 0 0 0 0 0 0 0 0 0 1 
0 0 0 0 0 0 0 0 0 0 0 0 0 1 1 1 
7  1
3  0
2  0
1  0
6  0
6  6
5  6
3  6
2  6
1  5
6  4
6  1
6  1
1  4
1  6
3  13
B 0.230469 3.6875 3.6875
threshold	127
1 1 1 1 1 1 1 0 0 0 0 0 0 1 1 1 
1 1 1 1 0 0 0 0 0 0 0 0 0 0 0 0 
1 1 1 0 0 0 0 0 0 0 0 0 0 0 0 0 
1 1 0 0 0 0 0 0 0 0 0 0 0 0 0 1 
1 0 0 0 0 0 0 1 1 1 1 1 1 1 1 1 
1 0 0 0 0 0 1 1 1 1 1 1 1 1 1 1 
0 0 0 0 0 1 1 1 1 1 1 1 1 1 1 1 
0 0 0 0 0 1 1 1 1 1 1 1 1 1 1 1 
0 0 0 0 0 1 1 1 1 1 1 1 1 1 1 1 
0 0 0 0 0 1 1 1 1 1 1 1 1 1 1 1 
0 0 0 0 0 1 1 1 1 1 1 1 1 1 1 1 
1 0 0 0 0 0 1 1 1 1 1 1 1 1 1 1 
1 0 0 0 0 0 1 1 1 1 1 1 1 1 1 1 
1 1 0 0 0 0 0 0 0 0 0 0 0 0 0 1 
1 1 1 0 0 0 0 0 0 0 0 0 0 0 0 0 
1 1 1 1 0 0 0 0 0 0 0 0 0 0 0 0 
10  11
4  7
3  5
3  3
10  1
11  6
11  9
11  9
11  9
11  9
11  9
11  9
11  9
3  10
3  10
4  12
C 0.5 8 8
threshold	127
1 0 0 0 0 0 0 0 0 1 1 1 1 1 1 1 
0 0 0 0 0 0 0 0 0 0 0 0 1 1 1 1 
0 0 0 0 0 0 0 0 0 0 0 0 0 0 1 1 
0 0 0 0 0 0 0 0 0 0 0 0 0 0 0 1 
0 0 0 0 0 1 1 1 1 1 0 0 0 0 0 0 
0 0 0 0 0 1 1 1 1 1 1 0 0 0 0 0 
0 0 0 0 0 1 1 1 1 1 1 1 0 0 0 0 
0 0 0 0 0 1 1 1 1 1 1 1 0 0 0 0 
0 0 0 0 0 1 1 1 1 1 1 1 0 0 0 0 
0 0 0 0 0 1 1 1 1 1 1 1 0 0 0 0 
0 0 0 0 0 1 1 1 1 1 1 0 0 0 0 0 
0 0 0 0 0 1 1 1 1 1 1 0 0 0 0 0 
0 0 0 0 0 1 1 1 1 1 0 0 0 0 0 0 
0 0 0 0 0 0 0 0 0 0 0 0 0 0 0 1 
0 0 0 0 0 0 0 0 0 0 0 0 0 0 1 1 
0 0 0 0 0 0 0 0 0 0 0 0 1 1 1 1 
8  1
4  0
2  0
1  0
5  0
6  9
7  9
7  9
7  9
7  10
6  8
6  5
5  3
1  3
2  5
4  7
D 0.304688 4.875 4.875
threshold	126
0 0 0 0 0 0 0 0 0 0 0 0 0 0 0 1 
0 0 0 0 0 0 0 0 0 0 0 0 0 0 0 1 
0 0 0 0 0 0 0 0 0 0 0 0 0 0 0 1 
0 0 0 0 0 0 0 0 0 0 0 0 0 0 0 1 
0 0 0 0 0 0 1 1 1 1 1 1 1 1 1 1 
0 0 0 0 0 0 1 1 1 1 1 1 1 1 1 1 
0 0 0 0 0 0 1 1 1 1 1 1 1 1 1 1 
0 0 0 0 0 0 0 0 0 0 0 0 0 0 1 1 
0 0 0 0 0 0 0 0 0 0 0 0 0 0 1 1 
0 0 0 0 0 0 0 0 0 0 0 0 0 0 1 1 
0 0 0 0 0 0 1 1 1 1 1 1 1 1 1 1 
0 0 0 0 0 0 1 1 1 1 1 1 1 1 1 1 
0 0 0 0 0 0 1 1 1 1 1 1 1 1 1 1 
0 0 0 0 0 0 0 0 0 0 0 0 0 0 0 0 
0 0 0 0 0 0 0 0 0 0 0 0 0 0 0 0 
0 0 0 0 0 0 0 0 0 0 0 0 0 0 0 0 
1  0
1  0
1  0
1  0
10  0
10  0
10  6
2  6
2  6
2  6
10  6
10  6
10  6
0  6
0  9
0  13
E 0.273438 4.375 4.375
threshold	127
0 0 0 0 0 0 0 0 0 0 0 0 0 0 0 0 
0 0 0 0 0 0 0 0 0 0 0 0 0 0 0 0 
0 0 0 0 0 0 0 0 0 0 0 0 0 0 0 0 
0 0 0 0 0 0 0 0 0 0 0 0 0 0 0 0 
0 0 0 0 0 0 1 1 1 1 1 1 1 1 1 1 
0 0 0 0 0 0 1 1 1 1 1 1 1 1 1 1 
0 0 0 0 0 0 1 1 1 1 1 1 1 1 1 1 
0 0 0 0 0 0 0 0 0 0 0 0 0 0 0 1 
0 0 0 0 0 0 0 0 0 0 0 0 0 0 0 1 
0 0 0 0 0 0 0 0 0 0 0 0 0 0 0 1 
0 0 0 0 0 0 1 1 1 1 1 1 1 1 1 1 
0 0 0 0 0 0 1 1 1 1 1 1 1 1 1 1 
0 0 0 0 0 0 1 1 1 1 1 1 1 1 1 1 
0 0 0 0 0 0 1 1 1 1 1 1 1 1 1 1 
0 0 0 0 0 0 1 1 1 1 1 1 1 1 1 1 
0 0 0 0 0 0 1 1 1 1 1 1 1 1 1 1 
0  0
0  0
0  0
0  0
10  0
10  0
10  9
1  9
1  9
1  9
10  9
10  9
10  9
10  9
10  9
10  12
F 0.363281 5.8125 5.8125
threshold	127
1 1 1 1 1 1 1 0 0 0 0 0 0 0 1 1 
1 1 1 1 1 0 0 0 0 0 0 0 0 0 0 0 
1 1 1 0 0 0 0 0 0 0 0 0 0 0 0 0 
1 1 0 0 0 0 0 0 0 0 0 0 0 0 0 0 
1 0 0 0 0 0 0 1 1 1 1 1 1 1 1 1 
1 0 0 0 0 0 1 1 1 1 1 1 1 1 1 1 
0 0 0 0 0 1 1 1 1 1 1 1 1 1 1 1 
0 0 0 0 0 1 1 1 1 1 1 1 1 1 1 1 
0 0 0 0 0 1 1 1 1 1 1 1 0 0 0 0 
0 0 0 0 0 1 1 1 1 1 1 1 0 0 0 0 
0 0 0 0 0 1 1 1 1 1 1 1 0 0 0 0 
1 0 0 0 0 0 1 1 1 1 1 1 0 0 0 0 
1 0 0 0 0 0 0 1 1 1 1 1 0 0 0 0 
1 1 0 0 0 0 0 0 0 0 0 0 0 0 0 0 
1 1 1 0 0 0 0 0 0 0 0 0 0 0 0 0 
1 1 1 1 0 0 0 0 0 0 0 0 0 0 0 0 
9  11
5  7
3  5
2  3
10  2
11  6
11  8
11  9
7  9
7  9
7  9
7  9
6  4
2  4
3  5
4  5
G 0.410156 6.5625 6.5625
threshold	126
0 0 0 0 0 1 1 1 1 1 1 1 0 0 0 0 
0 0 0 0 0 1 1 1 1 1 1 1 0 0 0 0 
0 0 0 0 0 1 1 1 1 1 1 1 0 0 0 0 
0 0 0 0 0 1 1 1 1 1 1 1 0 0 0 0 
0 0 0 0 0 1 1 1 1 1 1 1 0 0 0 0 
0 0 0 0 0 1 1 1 1 1 1 1 0 0 0 0 
0 0 0 0 0 1 1 1 1 1 1 1 0 0 0 0 
0 0 0 0 0 0 0 0 0 0 0 0 0 0 0 0 
0 0 0 0 0 0 0 0 0 0 0 0 0 0 0 0 
0 0 0 0 0 0 0 0 0 0 0 0 0 0 0 0 
0 0 0 0 0 1 1 1 1 1 1 1 0 0 0 0 
0 0 0 0 0 1 1 1 1 1 1 1 0 0 0 0 
0 0 0 0 0 1 1 1 1 1 1 1 0 0 0 0 
0 0 0 0 0 1 1 1 1 1 1 1 0 0 0 0 
0 0 0 0 0 1 1 1 1 1 1 1 0 0 0 0 
0 0 0 0 0 1 1 1 1 1 1 1 0 0 0 0 
7  0
7  0
7  0
7  0
7  0
7  13
7  13
0  13
0  13
0  13
7  13
7  13
7  0
7  0
7  0
7  0
H 0.355469 5.6875 5.6875
threshold	126
0 0 0 0 0 0 0 0 0 0 0 0 0 0 0 0 
0 0 0 0 0 0 0 0 0 0 0 0 0 0 0 0 
0 0 0 0 0 0 0 0 0 0 0 0 0 0 0 0 
0 0 0 0 0 0 0 0 0 0 0 0 0 0 0 0 
0 0 0 0 0 0 0 0 0 0 0 0 0 0 0 0 
0 0 0 0 0 0 0 0 0 0 0 0 0 0 0 0 
0 0 0 0 0 0 0 0 0 0 0 0 0 0 0 0 
0 0 0 0 0 0 0 0 0 0 0 0 0 0 0 0 
0 0 0 0 0 0 0 0 0 0 0 0 0 0 0 0 
0 0 0 0 0 0 0 0 0 0 0 0 0 0 0 0 
0 0 0 0 0 0 0 0 0 0 0 0 0 0 0 0 
0 0 0 0 0 0 0 0 0 0 0 0 0 0 0 0 
0 0 0 0 0 0 0 0 0 0 0 0 0 0 0 0 
0 0 0 0 0 0 0 0 0 0 0 0 0 0 0 0 
0 0 0 0 0 0 0 0 0 0 0 0 0 0 0 0 
0 0 0 0 0 0 0 0 0 0 0 0 0 0 0 0 
0  0
0  0
0  0
0  0
0  0
0  0
0  0
0  0
0  0
0  0
0  0
0  0
0  0
0  0
0  0
0  0
I 0 0 0
threshold	127
1 1 1 1 1 1 1 1 1 1 1 0 0 0 0 0 
1 1 1 1 1 1 1 1 1 1 1 0 0 0 0 0 
1 1 1 1 1 1 1 1 1 1 1 0 0 0 0 0 
1 1 1 1 1 1 1 1 1 1 1 0 0 0 0 0 
1 1 1 1 1 1 1 1 1 1 1 0 0 0 0 0 
1 1 1 1 1 1 1 1 1 1 1 0 0 0 0 0 
1 1 1 1 1 1 1 1 1 1 1 0 0 0 0 0 
1 1 1 1 1 1 1 1 1 1 1 0 0 0 0 0 
1 1 1 1 1 1 1 1 1 1 1 0 0 0 0 0 
1 1 1 1 1 1 1 1 1 1 1 0 0 0 0 0 
1 1 1 1 1 1 1 1 1 1 1 0 0 0 0 0 
1 1 1 1 1 1 1 1 1 1 1 0 0 0 0 0 
1 1 1 1 1 1 1 1 1 1 1 0 0 0 0 0 
1 1 0 0 0 0 0 0 0 0 0 0 0 0 0 1 
0 0 0 0 0 0 0 0 0 0 0 0 0 0 0 1 
0 0 0 0 0 0 0 0 0 0 0 0 0 0 1 1 
11  14
11  14
11  13
11  13
11  13
11  13
11  13
11  13
11  13
11  13
11  13
11  0
11  0
3  0
1  1
2  3
J 0.582031 9.3125 9.3125
threshold	127
0 0 0 0 0 1 1 1 1 1 1 0 0 0 0 0 
0 0 0 0 0 1 1 1 1 1 0 0 0 0 0 1 
0 0 0 0 0 1 1 1 1 0 0 0 0 0 1 1 
0 0 0 0 0 1 1 0 0 0 0 0 0 1 1 1 
0 0 0 0 0 1 0 0 0 0 0 1 1 1 1 1 
0 0 0 0 0 0 0 0 0 0 0 1 1 1 1 1 
0 0 0 0 0 0 0 0 0 0 1 1 1 1 1 1 
0 0 0 0 0 0 0 0 1 1 1 1 1 1 1 1 
0 0 0 0 0 0 0 0 0 1 1 1 1 1 1 1 
0 0 0 0 0 0 0 0 0 0 1 1 1 1 1 1 
0 0 0 0 0 1 0 0 0 0 0 1 1 1 1 1 
0 0 0 0 0 1 0 0 0 0 0 1 1 1 1 1 
0 0 0 0 0 1 1 0 0 0 0 0 1 1 1 1 
0 0 0 0 0 1 1 1 1 0 0 0 0 0 1 1 
0 0 0 0 0 1 1 1 1 1 0 0 0 0 0 1 
0 0 0 0 0 1 1 1 1 1 0 0 0 0 0 0 
6  0
6  0
6  0
5  0
6  0
5  11
6  8
8  6
7  7
6  6
6  5
6  8
6  9
6  10
6  12
5  14
K 0.375 6 6
threshold	127
0 0 0 0 0 0 1 1 1 1 1 1 1 1 1 1 
0 0 0 0 0 0 1 1 1 1 1 1 1 1 1 1 
0 0 0 0 0 0 1 1 1 1 1 1 1 1 1 1 
0 0 0 0 0 0 1 1 1 1 1 1 1 1 1 1 
0 0 0 0 0 0 1 1 1 1 1 1 1 1 1 1 
0 0 0 0 0 0 1 1 1 1 1 1 1 1 1 1 
0 0 0 0 0 0 1 1 1 1 1 1 1 1 1 1 
0 0 0 0 0 0 1 1 1 1 1 1 1 1 1 1 
0 0 0 0 0 0 1 1 1 1 1 1 1 1 1 1 
0 0 0 0 0 0 1 1 1 1 1 1 1 1 1 1 
0 0 0 0 0 0 1 1 1 1 1 1 1 1 1 1 
0 0 0 0 0 0 1 1 1 1 1 1 1 1 1 1 
0 0 0 0 0 0 1 1 1 1 1 1 1 1 1 1 
0 0 0 0 0 0 0 0 0 0 0 0 0 0 0 0 
0 0 0 0 0 0 0 0 0 0 0 0 0 0 0 0 
0 0 0 0 0 0 0 0 0 0 0 0 0 0 0 0 
10  0
10  0
10  0
10  0
10  0
10  0
10  13
10  13
10  13
10  13
10  13
10  13
10  13
0  13
0  13
0  13
L 0.507812 8.125 8.125
threshold	127
1 1 0 0 0 1 1 1 1 1 1 1 0 0 0 1 
1 1 0 0 0 1 1 1 1 1 1 1 0 0 0 1 
1 1 0 0 0 0 1 1 1 1 1 0 0 0 0 1 
1 0 0 0 0 0 1 1 1 1 1 0 0 0 0 1 
1 0 0 0 0 0 0 1 1 1 0 0 0 0 0 0 
1 0 0 0 0 0 0 1 1 1 0 0 0 0 0 0 
1 0 0 0 0 0 0 1 1 1 0 0 0 0 0 0 
1 0 0 0 0 0 0 0 1 1 0 0 0 0 0 0 
1 0 0 0 1 0 0 0 1 0 0 0 0 0 0 0 
1 0 0 0 1 0 0 0 0 0 0 0 1 0 0 0 
1 0 0 0 1 1 0 0 0 0 0 1 1 0 0 0 
0 0 0 0 1 1 0 0 0 0 1 1 1 0 0 0 
0 0 0 0 1 1 1 0 0 0 1 1 1 0 0 0 
0 0 0 0 1 1 1 0 0 0 1 1 1 0 0 0 
0 0 0 0 1 1 1 1 1 1 1 1 1 0 0 0 
0 0 0 0 1 1 1 1 1 1 1 1 1 0 0 0 
10  11
10  3
8  0
7  0
4  8
4  8
4  8
3  9
3  11
3  10
5  9
5  8
6  7
6  0
9  0
9  4
M 0.375 6 6
threshold	127
0 0 0 0 0 1 1 1 1 1 1 1 0 0 0 0 
0 0 0 0 0 0 1 1 1 1 1 1 0 0 0 0 
0 0 0 0 0 0 1 1 1 1 1 1 0 0 0 0 
0 0 0 0 0 0 1 1 1 1 1 1 0 0 0 0 
0 0 0 0 0 0 0 0 1 1 1 1 0 0 0 0 
0 0 0 0 0 0 0 0 0 1 1 1 0 0 0 0 
0 0 0 0 0 0 0 0 0 1 1 1 0 0 0 0 
0 0 0 0 0 1 0 0 0 0 0 1 0 0 0 0 
0 0 0 0 0 1 1 0 0 0 0 1 0 0 0 0 
0 0 0 0 0 1 1 0 0 0 0 1 0 0 0 0 
0 0 0 0 0 1 1 1 1 0 0 0 0 0 0 0 
0 0 0 0 0 1 1 1 1 1 0 0 0 0 0 0 
0 0 0 0 0 1 1 1 1 1 0 0 0 0 0 0 
0 0 0 0 0 1 1 1 1 1 1 0 0 0 0 0 
0 0 0 0 0 1 1 1 1 1 1 0 0 0 0 0 
0 0 0 0 0 1 1 1 1 1 1 1 0 0 0 0 
7  0
6  0
6  0
6  0
4  0
3  10
3  12
2  10
3  11
3  12
4  10
5  11
5  0
6  0
6  0
7  0
N 0.296875 4.75 4.75
threshold	127
1 1 1 1 1 1 0 0 0 0 0 1 1 1 1 1 
1 1 1 1 0 0 0 0 0 0 0 0 0 1 1 1 
1 1 1 0 0 0 0 0 0 0 0 0 0 0 1 1 
1 1 0 0 0 0 0 0 0 0 0 0 0 0 0 1 
1 0 0 0 0 0 1 1 1 1 1 0 0 0 0 0 
1 0 0 0 0 1 1 1 1 1 1 1 0 0 0 0 
0 0 0 0 1 1 1 1 1 1 1 1 0 0 0 0 
0 0 0 0 1 1 1 1 1 1 1 1 0 0 0 0 
0 0 0 0 1 1 1 1 1 1 1 1 0 0 0 0 
0 0 0 0 1 1 1 1 1 1 1 1 0 0 0 0 
0 0 0 0 1 1 1 1 1 1 1 1 0 0 0 0 
1 0 0 0 0 1 1 1 1 1 1 1 0 0 0 0 
1 0 0 0 0 0 1 1 1 1 1 0 0 0 0 0 
1 1 0 0 0 0 0 0 0 0 0 0 0 0 0 1 
1 1 1 0 0 0 0 0 0 0 0 0 0 0 1 1 
1 1 1 1 0 0 0 0 0 0 0 0 0 1 1 1 
11  11
7  7
5  5
3  3
6  6
8  8
8  9
8  9
8  9
8  9
8  9
8  8
6  1
3  3
5  5
7  7
O 0.425781 6.8125 6.8125
threshold	127
1 0 0 0 0 0 0 0 0 0 0 1 1 1 1 1 
0 0 0 0 0 0 0 0 0 0 0 0 0 1 1 1 
0 0 0 0 0 0 0 0 0 0 0 0 0 0 1 1 
0 0 0 0 0 0 0 0 0 0 0 0 0 0 0 1 
0 0 0 0 0 1 1 1 1 1 1 0 0 0 0 0 
0 0 0 0 0 1 1 1 1 1 1 0 0 0 0 0 
0 0 0 0 0 1 1 1 1 1 1 0 0 0 0 0 
0 0 0 0 0 1 1 1 1 0 0 0 0 0 0 0 
0 0 0 0 0 0 0 0 0 0 0 0 0 0 0 1 
0 0 0 0 0 0 0 0 0 0 0 0 0 0 1 1 
0 0 0 0 0 0 0 0 0 0 0 1 1 1 1 1 
0 0 0 0 0 1 1 1 1 1 1 1 1 1 1 1 
0 0 0 0 0 1 1 1 1 1 1 1 1 1 1 1 
0 0 0 0 0 1 1 1 1 1 1 1 1 1 1 1 
0 0 0 0 0 1 1 1 1 1 1 1 1 1 1 1 
0 0 0 0 0 1 1 1 1 1 1 1 1 1 1 1 
6  1
3  0
2  0
1  0
6  0
6  9
6  9
4  9
1  9
2  8
5  8
11  7
11  7
11  8
11  10
11  12
P 0.378906 6.0625 6.0625
threshold	127
1 1 1 1 1 1 0 0 0 0 0 1 1 1 1 1 
1 1 1 1 0 0 0 0 0 0 0 0 0 1 1 1 
1 1 0 0 0 0 0 0 0 0 0 0 0 0 0 1 
1 1 0 0 0 0 0 1 1 1 0 0 0 0 0 1 
1 0 0 0 0 1 1 1 1 1 1 1 0 0 0 0 
0 0 0 0 1 1 1 1 1 1 1 1 0 0 0 0 
0 0 0 0 1 1 1 1 1 1 1 1 0 0 0 0 
0 0 0 0 1 1 1 1 1 1 1 1 0 0 0 0 
0 0 0 0 1 1 1 1 1 1 1 1 0 0 0 0 
1 0 0 0 0 1 1 1 1 1 1 1 0 0 0 0 
1 1 0 0 0 0 0 1 1 1 0 0 0 0 0 0 
1 1 0 0 0 0 0 0 0 0 0 0 0 0 0 1 
1 1 1 1 0 0 0 0 0 0 0 0 0 1 1 1 
1 1 1 1 1 1 1 1 0 0 0 0 1 1 1 1 
1 1 1 1 1 1 1 1 0 0 0 0 0 1 1 1 
1 1 1 1 1 1 1 1 1 0 0 0 0 0 0 1 
11  12
7  10
3  6
6  6
8  8
8  10
8  9
8  11
8  9
8  8
5  6
3  7
7  2
12  5
11  5
10  9
Q 0.480469 7.6875 7.6875
threshold	127
1 0 0 0 0 0 0 0 0 0 1 1 1 1 1 1 
0 0 0 0 0 0 0 0 0 0 0 0 0 1 1 1 
0 0 0 0 0 0 0 0 0 0 0 0 0 0 1 1 
0 0 0 0 0 0 0 0 0 0 0 0 0 0 0 1 
0 0 0 0 0 1 1 1 1 1 1 0 0 0 0 0 
0 0 0 0 0 1 1 1 1 1 1 0 0 0 0 0 
0 0 0 0 0 1 1 1 1 1 1 0 0 0 0 0 
0 0 0 0 0 1 1 1 1 1 0 0 0 0 0 0 
0 0 0 0 0 0 0 0 0 0 0 0 0 0 0 1 
0 0 0 0 0 0 0 0 0 0 0 0 0 0 1 1 
0 0 0 0 0 0 0 0 0 0 0 0 0 1 1 1 
0 0 0 0 0 1 1 0 0 0 0 0 0 1 1 1 
0 0 0 0 0 1 1 1 0 0 0 0 0 0 1 1 
0 0 0 0 0 1 1 1 1 0 0 0 0 0 0 1 
0 0 0 0 0 1 1 1 1 1 0 0 0 0 0 0 
0 0 0 0 0 1 1 1 1 1 0 0 0 0 0 0 
7  1
3  0
2  0
1  0
6  0
6  9
6  9
5  8
1  7
2  6
3  4
5  1
5  1
5  4
5  7
5  10
R 0.261719 4.1875 4.1875
threshold	127
1 1 1 1 1 0 0 0 0 0 0 0 1 1 1 1 
1 1 1 0 0 0 0 0 0 0 0 0 0 0 0 1 
1 1 0 0 0 0 0 0 0 0 0 0 0 0 0 1 
1 1 0 0 0 0 0 0 0 0 0 0 0 0 1 1 
0 0 0 0 0 0 1 1 1 1 1 1 1 1 1 1 
0 0 0 0 0 0 1 1 1 1 1 1 1 1 1 1 
0 0 0 0 0 0 0 1 1 1 1 1 1 1 1 1 
1 1 0 0 0 0 0 0 0 0 0 0 1 1 1 1 
1 1 1 1 0 0 0 0 0 0 0 0 0 0 1 1 
1 1 1 1 1 1 0 0 0 0 0 0 0 0 0 1 
1 1 1 1 1 1 1 1 1 1 0 0 0 0 0 0 
1 1 1 1 1 1 1 1 1 1 1 0 0 0 0 0 
1 1 1 1 1 1 1 1 1 1 1 0 0 0 0 0 
1 1 0 0 0 0 0 0 0 0 0 0 0 0 0 1 
0 0 0 0 0 0 0 0 0 0 0 0 0 0 0 1 
0 0 0 0 0 0 0 0 0 0 0 0 0 0 1 1 
9  11
4  11
3  7
4  6
10  5
10  4
9  5
6  6
6  6
7  6
10  5
11  3
11  5
3  5
1  8
2  13
S 0.414062 6.625 6.625
threshold	126
0 0 0 0 0 0 0 0 0 0 0 0 0 0 0 0 
0 0 0 0 0 0 0 0 0 0 0 0 0 0 0 0 
0 0 0 0 0 0 0 0 0 0 0 0 0 0 0 0 
0 0 0 0 0 0 0 0 0 0 0 0 0 0 0 0 
1 1 1 1 1 1 0 0 0 0 0 1 1 1 1 1 
1 1 1 1 1 1 0 0 0 0 0 1 1 1 1 1 
1 1 1 1 1 1 0 0 0 0 0 1 1 1 1 1 
1 1 1 1 1 1 0 0 0 0 0 1 1 1 1 1 
1 1 1 1 1 1 0 0 0 0 0 1 1 1 1 1 
1 1 1 1 1 1 0 0 0 0 0 1 1 1 1 1 
1 1 1 1 1 1 0 0 0 0 0 1 1 1 1 1 
1 1 1 1 1 1 0 0 0 0 0 1 1 1 1 1 
1 1 1 1 1 1 0 0 0 0 0 1 1 1 1 1 
1 1 1 1 1 1 0 0 0 0 0 1 1 1 1 1 
1 1 1 1 1 1 0 0 0 0 0 1 1 1 1 1 
1 1 1 1 1 1 0 0 0 0 0 1 1 1 1 1 
0  12
0  12
0  12
0  12
11  12
11  12
11  0
11  0
11  0
11  0
11  0
11  12
11  12
11  12
11  12
11  12
T 0.515625 8.25 8.25
threshold	127
0 0 0 0 0 1 1 1 1 1 1 1 0 0 0 0 
0 0 0 0 0 1 1 1 1 1 1 1 0 0 0 0 
0 0 0 0 0 1 1 1 1 1 1 1 0 0 0 0 
0 0 0 0 0 1 1 1 1 1 1 1 0 0 0 0 
0 0 0 0 0 1 1 1 1 1 1 1 0 0 0 0 
0 0 0 0 0 1 1 1 1 1 1 1 0 0 0 0 
0 0 0 0 0 1 1 1 1 1 1 1 0 0 0 0 
0 0 0 0 0 1 1 1 1 1 1 1 0 0 0 0 
0 0 0 0 0 1 1 1 1 1 1 1 0 0 0 0 
0 0 0 0 0 1 1 1 1 1 1 1 0 0 0 0 
0 0 0 0 0 1 1 1 1 1 1 1 0 0 0 0 
0 0 0 0 0 1 1 1 1 1 1 1 0 0 0 0 
0 0 0 0 0 0 1 1 1 1 1 0 0 0 0 0 
1 0 0 0 0 0 0 0 0 0 0 0 0 0 0 0 
1 1 0 0 0 0 0 0 0 0 0 0 0 0 0 1 
1 1 1 0 0 0 0 0 0 0 0 0 0 0 1 1 
7  3
7  2
7  1
7  0
7  0
7  12
7  13
7  13
7  13
7  13
7  13
7  12
5  0
1  0
3  1
5  2
U 0.382812 6.125 6.125
threshold	127
0 0 0 0 1 1 1 1 1 1 1 1 1 0 0 0 
1 0 0 0 0 1 1 1 1 1 1 1 0 0 0 0 
1 0 0 0 0 1 1 1 1 1 1 1 0 0 0 0 
1 0 0 0 0 1 1 1 1 1 1 1 0 0 0 0 
1 1 0 0 0 0 1 1 1 1 1 0 0 0 0 1 
1 1 0 0 0 0 0 1 1 1 1 0 0 0 0 1 
1 1 0 0 0 0 0 1 1 1 0 0 0 0 1 1 
1 1 1 0 0 0 0 1 1 1 0 0 0 0 1 1 
1 1 1 0 0 0 0 1 1 1 0 0 0 0 1 1 
1 1 1 1 0 0 0 1 1 1 0 0 0 1 1 1 
1 1 1 1 0 0 0 0 1 0 0 0 0 1 1 1 
1 1 1 1 0 0 0 0 1 0 0 0 0 1 1 1 
1 1 1 1 0 0 0 0 0 0 0 0 0 1 1 1 
1 1 1 1 1 0 0 0 0 0 0 0 1 1 1 1 
1 1 1 1 1 0 0 0 0 0 0 0 1 1 1 1 
1 1 1 1 1 1 0 0 0 0 0 1 1 1 1 1 
9  15
8  12
8  9
8  7
8  4
7  5
7  5
8  10
8  12
10  10
8  6
8  5
7  4
9  7
9  10
11  12
V 0.519531 8.3125 8.3125
threshold	127
0 0 0 1 1 1 1 1 1 1 1 1 1 1 0 0 
0 0 0 1 1 1 1 1 1 1 1 1 1 1 0 0 
0 0 0 1 1 1 1 0 0 0 1 1 1 1 0 0 
1 0 0 0 1 1 1 0 0 0 1 1 1 0 0 0 
1 0 0 0 1 1 0 0 0 0 0 1 1 0 0 0 
1 0 0 0 1 1 0 0 0 0 0 1 1 0 0 0 
1 0 0 0 1 1 0 0 0 0 0 1 1 0 0 0 
1 1 0 0 0 1 0 0 1 0 0 1 0 0 0 1 
1 1 0 0 0 1 0 0 1 0 0 1 0 0 0 1 
1 1 0 0 0 1 0 0 1 0 0 1 0 0 0 1 
1 1 0 0 0 0 0 0 1 0 0 0 0 0 0 1 
1 1 0 0 0 0 0 0 1 0 0 0 0 0 0 1 
1 1 0 0 0 0 0 1 1 1 0 0 0 0 0 1 
1 1 1 0 0 0 0 1 1 1 0 0 0 0 1 1 
1 1 1 0 0 0 1 1 1 1 0 0 0 0 1 1 
1 1 1 0 0 0 1 1 1 1 1 0 0 0 1 1 
11  13
11  9
8  3
7  3
5  7
5  10
5  6
6  6
6  11
6  6
4  5
4  10
6  7
8  3
9  3
10  9
W 0.433594 6.9375 6.9375
threshold	127
0 0 0 0 0 1 1 1 1 1 1 1 0 0 0 0 
1 0 0 0 0 0 1 1 1 1 1 0 0 0 0 0 
1 1 0 0 0 0 0 1 1 1 0 0 0 0 0 1 
1 1 0 0 0 0 0 1 1 1 0 0 0 0 0 1 
1 1 1 1 0 0 0 0 0 0 0 0 0 1 1 1 
1 1 1 1 0 0 0 0 0 0 0 0 0 1 1 1 
1 1 1 1 0 0 0 0 0 0 0 0 1 1 1 1 
1 1 1 1 1 0 0 0 0 0 0 0 1 1 1 1 
1 1 1 1 1 1 0 0 0 0 0 1 1 1 1 1 
1 1 1 1 1 0 0 0 0 0 0 0 1 1 1 1 
1 1 1 1 0 0 0 0 0 0 0 0 1 1 1 1 
1 1 1 1 0 0 0 0 0 0 0 0 0 1 1 1 
1 1 1 1 0 0 0 0 0 0 0 0 0 1 1 1 
1 1 0 0 0 0 0 1 1 1 0 0 0 0 0 1 
1 1 0 0 0 0 0 1 1 1 1 0 0 0 0 1 
1 0 0 0 0 0 1 1 1 1 1 0 0 0 0 0 
7  15
6  13
6  9
6  9
7  3
7  2
8  3
9  7
11  7
9  7
8  4
7  2
7  5
6  9
7  9
6  13
X 0.457031 7.3125 7.3125
threshold	127
0 0 0 0 0 0 1 1 1 1 1 0 0 0 0 0 
1 0 0 0 0 0 1 1 1 1 1 0 0 0 0 0 
1 0 0 0 0 0 1 1 1 1 1 0 0 0 0 0 
1 1 0 0 0 0 1 1 1 1 1 0 0 0 0 1 
1 1 1 0 0 0 0 1 1 1 0 0 0 0 1 1 
1 1 1 0 0 0 0 0 1 0 0 0 0 0 1 1 
1 1 1 1 0 0 0 0 0 0 0 0 0 1 1 1 
1 1 1 1 1 0 0 0 0 0 0 0 1 1 1 1 
1 1 1 1 1 1 0 0 0 0 0 1 1 1 1 1 
1 1 1 1 1 1 0 0 0 0 0 1 1 1 1 1 
1 1 1 1 1 1 0 0 0 0 0 1 1 1 1 1 
1 1 1 1 1 1 0 0 0 0 0 1 1 1 1 1 
1 1 1 1 1 1 0 0 0 0 0 1 1 1 1 1 
1 1 1 1 1 1 0 0 0 0 0 1 1 1 1 1 
1 1 1 1 1 1 0 0 0 0 0 1 1 1 1 1 
1 1 1 1 1 1 0 0 0 0 0 1 1 1 1 1 
5  15
6  13
6  12
8  10
8  9
6  8
7  4
9  5
11  6
11  5
11  4
11  8
11  9
11  10
11  12
11  13
Y 0.558594 8.9375 8.9375
threshold	127
0 0 0 0 0 0 0 0 0 0 0 0 0 0 0 0 
0 0 0 0 0 0 0 0 0 0 0 0 0 0 0 0 
0 0 0 0 0 0 0 0 0 0 0 0 0 0 0 0 
0 0 0 0 0 0 0 0 0 0 0 0 0 0 0 0 
1 1 1 1 1 1 1 1 0 0 0 0 0 0 1 1 
1 1 1 1 1 1 1 1 0 0 0 0 0 0 1 1 
1 1 1 1 1 1 1 0 0 0 0 0 0 1 1 1 
1 1 1 1 1 0 0 0 0 0 0 1 1 1 1 1 
1 1 1 1 1 0 0 0 0 0 0 1 1 1 1 1 
1 1 1 1 0 0 0 0 0 0 1 1 1 1 1 1 
1 1 1 0 0 0 0 0 0 1 1 1 1 1 1 1 
1 1 0 0 0 0 0 0 1 1 1 1 1 1 1 1 
1 1 0 0 0 0 0 0 1 1 1 1 1 1 1 1 
0 0 0 0 0 0 0 0 0 0 0 0 0 0 0 0 
0 0 0 0 0 0 0 0 0 0 0 0 0 0 0 0 
0 0 0 0 0 0 0 0 0 0 0 0 0 0 0 0 
0  9
0  9
0  7
0  6
10  5
10  3
10  3
10  2
10  2
10  3
10  4
10  6
10  6
0  7
0  9
0  9
Z 0.351562 5.625 5.625
threshold	127
1 1 1 0 0 0 0 0 0 0 0 0 1 1 1 1 
1 1 0 0 0 0 0 0 0 0 0 0 0 0 1 1 
1 1 0 0 0 0 0 0 0 0 0 0 0 0 0 1 
1 1 0 0 0 0 0 0 0 0 0 0 0 0 0 0 
1 1 1 1 1 1 1 1 1 1 0 0 0 0 0 0 
1 1 1 1 1 1 1 1 1 1 1 0 0 0 0 0 
1 1 1 1 0 0 0 0 0 0 0 0 0 0 0 0 
1 1 0 0 0 0 0 0 0 0 0 0 0 0 0 0 
1 1 0 0 0 0 0 0 0 0 0 0 0 0 0 0 
0 0 0 0 0 0 0 1 1 1 1 0 0 0 0 0 
0 0 0 0 0 0 1 1 1 1 1 0 0 0 0 0 
0 0 0 0 0 0 1 1 1 1 1 0 0 0 0 0 
0 0 0 0 0 0 0 0 0 0 0 0 0 0 0 0 
1 1 0 0 0 0 0 0 0 0 0 0 0 0 0 0 
1 1 0 0 0 0 0 0 0 0 0 0 0 0 0 0 
1 1 1 1 0 0 0 0 0 0 0 0 0 0 1 1 
7  12
4  12
3  5
2  4
10  2
11  2
4  4
2  5
2  5
4  5
5  4
5  0
0  1
2  1
2  3
6  4
a 0.269531 4.3125 4.3125
threshold	127
1 1 0 0 0 0 1 1 1 1 1 1 1 1 1 1 
0 0 0 0 0 0 1 1 1 1 1 1 1 1 1 1 
0 0 0 0 0 0 1 1 1 1 1 1 1 1 1 1 
0 0 0 0 0 0 1 1 1 1 1 1 1 1 1 1 
0 0 0 0 0 0 1 1 1 1 1 1 1 1 1 1 
0 0 0 0 0 0 1 0 0 0 0 0 1 1 1 1 
0 0 0 0 0 0 0 0 0 0 0 0 0 0 1 1 
0 0 0 0 0 0 0 0 0 0 0 0 0 0 0 1 
0 0 0 0 0 0 1 1 1 1 0 0 0 0 0 1 
0 0 0 0 0 0 1 1 1 1 0 0 0 0 0 0 
0 0 0 0 0 0 1 1 1 1 1 0 0 0 0 0 
0 0 0 0 0 0 1 1 1 1 1 0 0 0 0 0 
0 0 0 0 0 0 1 1 1 1 0 0 0 0 0 0 
0 0 0 0 0 0 1 1 1 1 0 0 0 0 0 1 
0 0 0 0 0 0 0 0 0 0 0 0 0 0 1 1 
0 0 0 0 0 0 0 0 0 0 0 0 0 1 1 1 
12  1
10  1
10  0
10  0
10  0
5  0
2  12
1  11
5  11
4  11
5  7
5  5
4  6
5  7
2  9
3  12
b 0.363281 5.8125 5.8125
threshold	127
1 1 1 1 1 1 1 1 0 0 0 0 0 0 0 1 
1 1 1 1 0 0 0 0 0 0 0 0 0 0 0 0 
1 1 1 0 0 0 0 0 0 0 0 0 0 0 0 0 
1 1 0 0 0 0 0 0 0 0 0 0 0 0 0 1 
1 1 0 0 0 0 0 0 0 1 1 1 1 1 1 1 
0 0 0 0 0 0 0 0 1 1 1 1 1 1 1 1 
0 0 0 0 0 0 0 1 1 1 1 1 1 1 1 1 
0 0 0 0 0 0 0 1 1 1 1 1 1 1 1 1 
0 0 0 0 0 0 0 1 1 1 1 1 1 1 1 1 
0 0 0 0 0 0 0 1 1 1 1 1 1 1 1 1 
0 0 0 0 0 0 0 0 1 1 1 1 1 1 1 1 
1 1 0 0 0 0 0 0 0 1 1 1 1 1 1 1 
1 1 0 0 0 0 0 0 0 0 0 0 0 0 0 0 
1 1 1 0 0 0 0 0 0 0 0 0 0 0 0 0 
1 1 1 1 0 0 0 0 0 0 0 0 0 0 0 0 
1 1 1 1 1 1 1 0 0 0 0 0 0 0 0 1 
9  10
4  10
3  6
3  4
9  2
8  2
9  2
9  5
9  6
9  8
8  8
9  8
2  8
3  8
4  8
8  11
c 0.414062 6.625 6.625
